Time to train:

Dataset 33:
MAE:3.0092137263118803   
RMSE:4.301059616112217
80%
MAE:0.9172826019200063  
RMSE:1.13751342580235

Dataset 35:
MAE:2.5510807230894224  
RMSE:3.590984767268636
80%
MAE:1.522107474987037   
RMSE:1.8427074881305356

Dataset 37:
MSE:2.0510717511926546    
RMSE:3.11481599173868
80%
MAE:1.027083632753661    
RMSE:1.2621248915989929