Time to train:

Dataset 33:
MAE:1.9546514264918033
RMSE:2.7818755003503512
80%
MAE:1.1999950422625059 
RMSE:1.4444268661836341

Dataset 35:
MAE:1.7536901137188283 
RMSE:2.6044370851209795
80%
MAE:1.2361059594761996 
RMSE:1.5136731036371647

Dataset 37:
MSE:1.3340708472106995  
RMSE:1.9593479366713924
80%
MAE:0.8733674183061516 
RMSE:1.0622281701901046