Time to train:

Dataset 33:
MAE:1.623512817911144
RMSE:2.3718598896661707
80%
MAE:1.034110841925143
RMSE:1.2663916018457075

Dataset 35:
MAE:1.3493703731075817
RMSE:2.0029976797896842
80%
MAE:1.0843895700105328
RMSE:1.337758477695174

Dataset 37:
MSE:1.0124223644995392 
RMSE:1.4616332278987436
80%
MAE:0.7723786535978151
RMSE:0.9382293706204488