Time to train:

Dataset 33:
MAE:2.564592601626024  
RMSE:3.7763538786070048
80%
MAE:1.4313429456316302  
RMSE:1.7324273556440772

Dataset 35:
MAE:2.310382947359521 
RMSE:3.4685168118985343
80%
MAE:1.3670646369224777  
RMSE:1.6705385575972231

Dataset 37:
MSE:1.7442583139523393   
RMSE:2.721163787500671
80%
MAE:0.9172826019200063  
RMSE:1.13751342580235